name: ncf2
channels:
  - defaults
dependencies:
  - _tflow_1100_select=0.0.2=eigen
  - _tflow_select=2.2.0=eigen
  - absl-py=0.4.1=py36_0
  - astor=0.7.1=py36_0
  - blas=1.0=mkl
  - certifi=2018.8.24=py36_1
  - gast=0.2.0=py36_0
  - grpcio=1.12.1=py36h1a1b453_0
  - h5py=2.8.0=py36h3bdd7fb_2
  - hdf5=1.10.2=hac2f561_1
  - icc_rt=2017.0.4=h97af966_0
  - intel-openmp=2019.0=118
  - keras=2.2.2=0
  - keras-applications=1.0.4=py36_1
  - keras-base=2.2.2=py36_0
  - keras-preprocessing=1.0.2=py36_1
  - libgpuarray=0.7.6=hfa6e2cd_0
  - libprotobuf=3.6.0=h1a1b453_0
  - libpython=2.1=py36_0
  - m2w64-binutils=2.25.1=5
  - m2w64-bzip2=1.0.6=6
  - m2w64-crt-git=5.0.0.4636.2595836=2
  - m2w64-gcc=5.3.0=6
  - m2w64-gcc-ada=5.3.0=6
  - m2w64-gcc-fortran=5.3.0=6
  - m2w64-gcc-libgfortran=5.3.0=6
  - m2w64-gcc-libs=5.3.0=7
  - m2w64-gcc-libs-core=5.3.0=7
  - m2w64-gcc-objc=5.3.0=6
  - m2w64-gmp=6.1.0=2
  - m2w64-headers-git=5.0.0.4636.c0ad18a=2
  - m2w64-isl=0.16.1=2
  - m2w64-libiconv=1.14=6
  - m2w64-libmangle-git=5.0.0.4509.2e5a9a2=2
  - m2w64-libwinpthread-git=5.0.0.4634.697f757=2
  - m2w64-make=4.1.2351.a80a8b8=2
  - m2w64-mpc=1.0.3=3
  - m2w64-mpfr=3.1.4=4
  - m2w64-pkg-config=0.29.1=2
  - m2w64-toolchain=5.3.0=7
  - m2w64-tools-git=5.0.0.4592.90b8472=2
  - m2w64-windows-default-manifest=6.4=3
  - m2w64-winpthreads-git=5.0.0.4634.697f757=2
  - m2w64-zlib=1.2.8=10
  - mako=1.0.7=py36_0
  - markdown=2.6.11=py36_0
  - markupsafe=1.0=py36hfa6e2cd_1
  - mingw=4.7=1
  - mkl=2018.0.3=1
  - mkl-service=1.1.2=py36hb217b18_5
  - mkl_fft=1.0.4=py36h1e22a9b_1
  - mkl_random=1.0.1=py36h77b88f5_1
  - msys2-conda-epoch=20160418=1
  - numpy=1.15.1=py36ha559c80_0
  - numpy-base=1.15.1=py36h8128ebf_0
  - pip=10.0.1=py36_0
  - protobuf=3.6.0=py36he025d50_0
  - pygpu=0.7.6=py36h452e1ab_0
  - python=3.6.6=hea74fb7_0
  - pyyaml=3.13=py36hfa6e2cd_0
  - scipy=1.1.0=py36h4f6bf74_1
  - setuptools=40.2.0=py36_0
  - six=1.11.0=py36_1
  - tensorboard=1.10.0=py36he025d50_0
  - tensorflow=1.10.0=eigen_py36h849fbd8_0
  - tensorflow-base=1.10.0=eigen_py36h45df0d8_0
  - termcolor=1.1.0=py36_1
  - theano=1.0.2=py36he980bc4_0
  - vc=14.1=h0510ff6_4
  - vs2008_runtime=9.00.30729.1=hfaea7d5_1
  - vs2015_runtime=14.15.26706=h3a45250_0
  - werkzeug=0.14.1=py36_0
  - wheel=0.31.1=py36_0
  - wincertstore=0.2=py36h7fe50ca_0
  - yaml=0.1.7=hc54c509_2
  - zlib=1.2.11=h8395fce_2
  - pip:
    - cython==0.28.5
prefix: C:\Users\45056811\AppData\Local\conda\conda\envs\ncf2

